Tarnetarne Re Ame Mede
Zanzar Zankar Maa No
Talio Na Taale
Dawn Will Rise
Mumbai Dilli Di Kudiyaan
Ek Toh Kum Zindagani (From "Marjaavaan")
Ek Sabarkatha No
Theme (from "Spider Man") [Original Television Series]
Monolith
Cycle Cycle Mari Sona Ni
Nav Nav Naganiyo No Rafdo
Parable
WHO? WHAT!
Midnight
Hard To LøVë
Sweetheart
Jai Jai Shivshankar
Ishq Bulaava
Hadke O Piplo
Eindejaar
Intro
Run For Your Life (Interlude)
Shetar Shedya Ne
B
Vaagyo Re Dhol
Yarri Yeah (feat. Nani Anjali)
Crown the Kings
Chundadi Odhado Maa No Sona Kero
Party (feat. Usher & Gucci Mane)
Zulu Screams (feat. Maleek Berry & Bibi Bourelly)
Stir Fry
Watch Me - Remix
Leaving
Salem's Interlude
Lucky Tu Lucky Me
Cemeteries of London
O Saki Saki (From "Batla House")
Money Go
ZEZE (feat. Travis Scott & Offset)
Fakira
Braver Love
Kaliya Re Kaliya
Pills & Automobiles (feat. Yo Gotti, A Boogie Wit Da Hoodie & Kodak Black)
Lembudana Lila Pila Pon
I Want In
Maintain
Princess of China - Acoustic
Rescue Me
Code of Conduct
CLOSE (feat. Travis Scott) - From SR3MM
0.688
0.151
0.0327
0.00628
0.0728
0.0579
0.06
0.03
0.0972
0.0679
0.117
0.4
0.0462
0.615
0.0902
0.376
0.257
0.617
0.0551
0.00833
0.976
0.97
0.00638
0.227
0.368
0.00705
0.0455
0.576
0.0556
0.16
0.00263
0.00412
0.0359
0.967
0.0195
0.0054
0.163
0.744
0.0515
0.738
0.00893
0.605
0.119
0.255
0.42
0.333
0.652
0.00825
0.00122
0.104
0.463
0.723
0.67
0.625
0.777
0.668
0.64
0.395
0.383
0.804
0.549
0.716
0.834
0.548
0.694
0.768
0.825
0.579
0.499
0.461
0.582
0.452
0.416
0.515
0.53
0.665
0.874
0.478
0.762
0.748
0.817
0.72
0.281
0.447
0.753
0.464
0.737
0.828
0.861
0.618
0.489
0.72
0.82
0.678
0.493
0.878
0.245
0.478
0.474
0.691
120738
103427
75920
236973
209161
190346
81147
39960
98192
120000
150013
209363
176720
294667
214566
212196
230558
303640
153560
39467
128547
142761
54533
186176
250000
238667
229904
482758
220813
177707
190288
167973
234857
81893
203019
201107
191089
216293
228654
288020
213760
172460
293435
71053
150295
216240
206693
217960
129027
193510
0.667
0.89
0.821
0.705
0.92
0.965
0.741
0.718
0.794
0.815
0.925
0.676
0.731
0.475
0.665
0.806
0.904
0.713
0.768
0.298
0.112
0.52
0.742
0.391
0.878
0.7
0.703
0.915
0.576
0.937
0.816
0.895
0.639
0.5
0.99
0.805
0.961
0.514
0.637
0.707
0.77
0.595
0.696
0.926
0.69
0.62
0.471
0.676
0.65
0.736
0.000115
0
0.00108
0.101
0.0101
0.000867
1.67e-05
0.82
0.833
1.96e-06
0
1.28e-05
0
0.808
3.62e-06
1.65e-06
1.21e-05
3.33e-05
0.000246
0.785
0.953
0.915
0
0
0
3.14e-06
0
0.000883
0
0.0122
0
1.13e-05
1.7e-05
0.697
0
0.0085
0
0
3.35e-06
0.00442
0
3.83e-06
0
0
0
0
0.00717
0
0.897
0
0
11
6
10
6
7
5
7
1
6
10
3
10
1
2
8
5
7
5
3
7
11
5
2
6
8
5
4
1
6
2
2
11
7
10
10
10
10
8
0
3
3
7
1
7
2
9
11
2
0
0.142
0.728
0.628
0.573
0.144
0.0566
0.645
0.206
0.592
0.35
0.306
0.098
0.0731
0.0944
0.319
0.0787
0.0715
0.118
0.142
0.0816
0.1
0.11
0.0764
0.355
0.0423
0.357
0.166
0.283
0.0869
0.127
0.159
0.622
0.951
0.156
0.116
0.1
0.361
0.119
0.0967
0.0876
0.147
0.27
0.232
0.721
0.126
0.391
0.126
0.0583
0.103
0.111
-11.163
-4.503
-8.73
-7.434
-3.918
-2.293
-6.607
-9.285
-10.485
-4.929
-5.867
-7.695
-5.603
-12.42
-5.423
-6.277
-5.414
-7.334
-6.654
-19.167
-17.008
-14.606
-6.177
-11.109
-5.384
-4.475
-6.017
-8.429
-4.951
-5.506
-5.402
-1.047
-3.452
-12.339
-3.319
-7.693
-0.155
-5.946
-5.692
-6.554
-5.181
-10.144
-4.918
-4.103
-4.768
-5.485
-7.952
-6.155
-12.774
-4.993
1
0
1
0
1
1
0
1
1
1
0
0
0
1
1
1
0
1
0
1
0
0
0
0
0
0
0
1
0
0
1
1
1
0
0
0
0
0
0
0
0
1
0
0
1
1
0
0
1
1
0.0403
0.129
0.0392
0.0324
0.039
0.091
0.0541
0.0505
0.103
0.134
0.11
0.049
0.0566
0.0355
0.0402
0.0517
0.0787
0.0318
0.0644
0.0496
0.0436
0.0665
0.0826
0.0575
0.16
0.0378
0.0685
0.0643
0.0829
0.173
0.269
0.0852
0.0381
0.109
0.0578
0.0345
0.0747
0.377
0.24
0.0398
0.0548
0.0419
0.182
0.0433
0.275
0.112
0.0313
0.0708
0.0348
0.0321
98.492
97.488
136.029
134.989
134.029
128.012
136.214
81.242
75.262
120.021
145.108
106.015
140.001
126.976
127.96
123.039
129.036
159.915
101.938
129.636
95.012
123.819
161.721
144.487
139.787
90.007
143.039
137.949
142.096
126.042
181.982
130.009
140.776
79.231
139.99
109.152
108.014
114.931
98.044
80.078
127.978
118.029
144.981
103.964
76.85
133.027
165.996
148.039
96.024
140.034
4
3
4
4
4
4
4
4
5
4
4
1
4
4
4
4
4
3
3
4
4
4
5
4
4
4
4
4
4
4
4
4
4
4
4
3
4
4
4
4
4
4
4
3
5
4
4
4
3
4
0.965
0.782
0.793
0.318
0.61
0.722
0.912
0.117
0.334
0.93
0.573
0.731
0.681
0.0349
0.557
0.925
0.528
0.635
0.925
0.312
0.0679
0.193
0.964
0.47
0.678
0.411
0.344
0.856
0.316
0.683
0.508
0.407
0.186
0.444
0.711
0.272
0.567
0.52
0.474
0.711
0.415
0.93
0.617
0.968
0.478
0.218
0.287
0.416
0.128
0.0395
