Parable
Eindejaar
Vaagyo Re Dhol
Lembudana Lila Pila Pon
Nav Nav Naganiyo No Rafdo
Khel Khel Re Bhavani Maa
Asvaar
Divas
Main Title (From Game Of Thrones: Season 8)
Burning Love
Haiyaa
Bahuchar Maa Na Dera Pachhal
Kanku Bhareli Re Kankavati
Ja Tari Chundaldi
Chakkardi Bhamardi
Radio Silence
Zanzar Zankar Maa No
WHATS POPPIN
Ghammar Ghammar Ghumto Re
Tarnetarne Re Ame Mede
Still Be Friends (feat. Tory Lanez & Tyga)
Lotto
Cycle Cycle Mari Sona Ni
Hadke O Piplo
Koi Mil Gaya / Ruk Ja O Dil Deewane - Bonus
On My Way
Gallan Goodiyaan
Darkness Visible
THE SCOTTS
Ek Sabarkatha No
Tie Me Down (with Elley Duhé)
People You Know
I Wanna Know - Instrumental
OUT WEST (feat. Young Thug)
Jode Rahejo Raj
Are U gonna tell her? (feat. MC Zaac)
Khul Ke Muskurale
Adrenaline
Main Title - From The "Game Of Thrones" Soundtrack
Shetar Shedya Ne
Seeing Colors
Pyar Karda
Routine (feat. Rick Ross & Meek Mill)
Beat Take 1 (feat. Ghostface Killah)
Lonely (with Chandler Leighton)
Chundadi Odhado Maa No Sona Kero
Girls Have Fun (feat. G-Eazy & Rich The Kid)
Cut to the Chase
UCLA - Instrumental
Patang
0.4
0.00833
0.368
0.255
0.117
0.00908
0.177
0.307
0.177
0.08
0.0251
0.00444
0.164
0.669
0.0199
0.025
0.151
0.017
0.269
0.688
0.00509
0.0379
0.0679
0.0551
0.408
0.0209
0.134
0.0855
0.233
0.06
0.136
0.0881
0.441
0.0104
0.541
0.313
0.00342
0.354
0.302
0.00638
0.0571
0.117
0.0796
0.347
0.597
0.576
0.00586
0.0931
0.0509
0.0828
0.716
0.461
0.53
0.678
0.549
0.682
0.7
0.783
0.17
0.545
0.349
0.697
0.679
0.778
0.68
0.603
0.723
0.923
0.667
0.463
0.803
0.952
0.804
0.499
0.377
0.509
0.83
0.391
0.716
0.64
0.608
0.695
0.447
0.802
0.459
0.881
0.51
0.644
0.197
0.416
0.588
0.659
0.74
0.582
0.451
0.478
0.888
0.414
0.479
0.573
209363
39467
250000
71053
150013
84693
243000
187710
111993
200769
301907
83107
87347
103071
102373
138913
103427
139741
130907
120738
213308
230320
120000
153560
134778
193798
296500
191025
165978
81147
218240
194900
206727
157712
160061
159819
105927
206368
106280
54533
199111
201290
217060
207960
270968
482758
175711
189733
189429
284448
0.676
0.298
0.878
0.926
0.925
0.89
0.904
0.659
0.664
0.911
0.845
0.811
0.953
0.789
0.852
0.723
0.89
0.604
0.861
0.667
0.759
0.722
0.815
0.768
0.499
0.689
0.858
0.626
0.537
0.741
0.845
0.62
0.768
0.591
0.701
0.71
0.632
0.688
0.603
0.742
0.895
0.751
0.712
0.615
0.402
0.915
0.74
0.674
0.788
0.936
1.28e-05
0.785
0
0
0
0.119
1.13e-05
3.09e-06
0.9
4.77e-05
8.18e-06
0.00444
0
0
0.000139
0
0
0
0
0.000115
0
0.000428
1.96e-06
0.000246
7.26e-05
0
1.72e-05
0.758
0
1.67e-05
0
5.43e-05
0.828
0
0
0.0126
0.000532
2.57e-06
0.794
0
0.0244
6.99e-05
0
0.000182
3.77e-06
0.000883
0
0.922
0.36
0
3
3
6
1
10
1
6
9
8
10
5
11
11
11
1
9
11
11
6
0
7
8
6
5
11
1
6
11
0
5
6
8
10
8
9
0
0
6
5
5
9
5
9
0
9
4
8
0
10
5
0.098
0.0816
0.0423
0.721
0.306
0.561
0.451
0.0904
0.133
0.0819
0.0859
0.756
0.488
0.0754
0.572
0.0824
0.728
0.272
0.482
0.142
0.0921
0.119
0.35
0.142
0.541
0.301
0.0567
0.0667
0.157
0.645
0.111
0.111
0.139
0.196
0.396
0.116
0.162
0.0741
0.106
0.0764
0.0842
0.0759
0.491
0.103
0.294
0.283
0.218
0.131
0.0866
0.0662
-7.695
-19.167
-5.384
-4.103
-5.867
-8.964
-3.903
-4.732
-11.367
-3.545
-5.954
-8.766
-5.729
-3.434
-9.898
-5.89
-4.503
-6.671
-6.276
-11.163
-4.692
-5.459
-4.929
-6.654
-11.622
-4.929
-3.18
-9.286
-7.648
-6.607
-2.292
-8.082
-6.917
-4.895
-5.626
-6.114
-11.243
-4.407
-16.116
-6.177
-6.856
-5.239
-7.188
-5.98
-4.63
-8.429
-5.363
-9.471
-5.55
-5.84
0
1
0
0
0
1
0
0
1
1
1
1
1
0
1
0
0
0
1
1
0
1
1
0
0
0
0
0
0
0
1
0
1
1
1
0
0
1
0
0
0
0
1
0
1
1
1
1
0
0
0.049
0.0496
0.16
0.0433
0.11
0.0467
0.0622
0.0544
0.0606
0.348
0.0971
0.069
0.141
0.0702
0.0423
0.0454
0.129
0.245
0.103
0.0403
0.0494
0.19
0.134
0.0644
0.0414
0.102
0.0554
0.071
0.0514
0.0541
0.0597
0.0521
0.0416
0.225
0.0531
0.0804
0.0327
0.108
0.0454
0.0826
0.0364
0.0371
0.415
0.247
0.0286
0.0643
0.238
0.0448
0.0343
0.307
106.015
129.636
139.787
103.964
145.108
136.092
117.956
129.073
169.429
104.137
74.058
129.944
144.994
104.946
135.936
114.966
97.488
145.062
164.989
98.492
104.0
130.011
120.021
101.938
122.503
170.087
119.974
160.222
129.979
136.214
98.976
150.032
165.098
139.864
175.054
117.997
135.814
94.938
169.881
161.721
134.988
93.011
146.315
171.907
92.93
137.949
100.003
153.035
139.979
77.92
1
4
4
3
4
4
4
4
3
4
4
4
4
3
4
4
3
4
3
4
4
4
4
3
4
4
4
4
4
4
4
4
4
4
3
4
4
4
3
5
4
4
4
4
4
4
4
4
4
4
0.731
0.312
0.678
0.968
0.573
0.953
0.714
0.671
0.454
0.521
0.532
0.796
0.719
0.962
0.646
0.382
0.782
0.826
0.871
0.965
0.284
0.759
0.93
0.925
0.881
0.297
0.949
0.217
0.28
0.912
0.322
0.62
0.114
0.309
0.686
0.817
0.173
0.616
0.232
0.964
0.405
0.702
0.652
0.354
0.129
0.856
0.664
0.343
0.127
0.576
