Addicted To A Memory
Glitter (feat. Ambré Perkins)
Midnight
It's Only - Instrumental
Gold
Never Had Shit / Feels
Dance On the Moon (feat. Paul Wall & Theophilus London)
Intro
Ishq Bulaava
Contact
Under Ground Kings
Falling Down - Bonus Track
Want To
B
Babies (feat. Alessia Cara)
Princess of China - Acoustic
Whiskey (feat. A$AP Rocky)
Salem's Interlude
Motion
I Want In
Party (feat. Usher & Gucci Mane)
Promise
Heartbeat - Instrumental
Exogenesis: Symphony Pt. 3 (Redemption)
Gold Dust
Leaving
Yes
Theme (from "Spider Man") [Original Television Series]
Don't Matter
Give A Little More
Jet Fuel
Trust
Airplanes (feat. Hayley Williams)
Another Chance (Don Diablo Edit)
Harder
Better - Rennie! Remix
134340
Rooftop Party
Yarri Yeah (feat. Nani Anjali)
Sajh Dhaj Ke
Airplane pt.2
Statues
Code of Conduct
Monolith
Dawn Will Rise
XO (feat. Troi Irons)
Round And Round
Nothing Left To Say / Rocks
Closure
Time
Blood Sweat & Tears
Yaad Kar
Watch Me - Remix
Sweetheart
Mumbai Dilli Di Kudiyaan
Pehli Baar Mohabbat
Aao Milo Chalo
Come Back to Earth
Run For Your Life (Interlude)
Stories
Mama Always Told Me
We'll Be Fine
Self
Haute (feat. J Balvin & Chris Brown)
Cemeteries of London
Bria's Interlude (feat. Omarion)
X
Zulu Screams (feat. Maleek Berry & Bibi Bourelly)
Nomad
Fakira
Chak De
Ilahi
The Fall
Rich Friends
Mother's Daughter
No Option (feat. Burna Boy)
Hollywood's Bleeding
Ghungroo
Ek Toh Kum Zindagani (From "Marjaavaan")
Jai Jai Shivshankar
Maniac
In the Wild
Roller Coaster
Kamle
UCLA - Instrumental
ASTROTHUNDER
Divas
Need Is Your Love
Radio Silence
Cham Cham
WHO? WHAT!
Tarnetarne Re Ame Mede
Every Teardrop Is a Waterfall
Darkness Visible
Burning Love
God Put a Smile upon Your Face
Clean (feat. Jamie Lidell)
Vegas Lights
Twenty One
No Worries
Glow In The Dark
Hard To LøVë
Escape
Parable
Vaagyo Re Dhol
Asvaar
0.000983
0.0343
0.615
0.199
0.436
0.542
0.0554
0.976
0.617
0.137
5.2e-05
0.0175
0.0788
0.227
0.121
0.652
0.748
0.967
0.096
0.42
0.0556
0.0495
0.599
0.251
0.00635
0.0359
0.00876
0.03
1.13e-05
0.000979
0.54
0.0948
0.11
0.00272
0.232
0.219
0.153
0.003
0.00705
0.277
0.0268
0.442
0.00122
0.0972
0.00628
0.0224
0.00262
0.12
0.183
0.155
0.0244
0.177
0.00412
0.376
0.0728
0.408
0.412
0.89
0.97
0.557
0.0169
0.00171
0.44
0.0778
0.0054
0.209
0.0999
0.16
0.0719
0.738
0.253
0.166
0.493
0.00545
0.00464
0.00837
0.331
0.0744
0.0579
0.257
0.0674
0.00172
0.0119
0.392
0.0509
0.142
0.307
0.0607
0.025
0.411
0.0462
0.688
0.00193
0.0855
0.08
0.175
0.059
0.000433
0.212
0.715
0.0403
0.0902
0.00286
0.4
0.368
0.177
0.66
0.628
0.548
0.429
0.407
0.596
0.498
0.582
0.579
0.629
0.487
0.669
0.572
0.515
0.672
0.245
0.53
0.447
0.554
0.493
0.762
0.903
0.517
0.0848
0.242
0.281
0.161
0.395
0.412
0.753
0.791
0.512
0.66
0.584
0.606
0.499
0.664
0.602
0.665
0.708
0.769
0.321
0.474
0.383
0.625
0.662
0.455
0.267
0.748
0.221
0.585
0.911
0.72
0.768
0.777
0.522
0.507
0.272
0.452
0.369
0.747
0.386
0.618
0.946
0.464
0.49
0.547
0.748
0.45
0.618
0.839
0.594
0.301
0.607
0.681
0.631
0.405
0.695
0.668
0.825
0.812
0.578
0.706
0.654
0.479
0.7
0.783
0.677
0.603
0.339
0.834
0.463
0.425
0.391
0.545
0.612
0.499
0.68
0.776
0.563
0.75
0.694
0.629
0.716
0.53
0.7
303160
214000
294667
260063
259187
301040
291367
128547
303640
163173
212613
196400
211818
186176
240093
206693
210422
81893
235920
150295
220813
272221
263627
277027
234255
234857
426653
39960
170267
180293
345213
203613
180480
172381
193752
180306
230063
199288
238667
292328
218615
144200
129027
98192
236973
271871
196933
536053
688742
275547
217079
170149
167973
212196
209161
321283
325934
161840
142761
153587
191013
247947
229960
160877
201107
139575
260733
177707
220096
288020
345757
228982
362467
221627
219080
185600
156267
302935
190346
230558
189613
190200
201613
197972
189429
142969
187710
158838
138913
430359
176720
120738
240796
191025
200769
297307
201787
189107
184200
163353
175347
214566
280615
209363
250000
243000
0.762
0.579
0.475
0.515
0.923
0.496
0.521
0.112
0.713
0.656
0.712
0.574
0.691
0.391
0.543
0.471
0.406
0.5
0.591
0.69
0.576
0.476
0.285
0.212
0.746
0.639
0.808
0.718
0.88
0.822
0.557
0.494
0.867
0.959
0.806
0.735
0.688
0.831
0.7
0.964
0.817
0.241
0.65
0.794
0.705
0.922
0.858
0.79
0.813
0.0879
0.887
0.438
0.895
0.806
0.92
0.478
0.787
0.238
0.52
0.476
0.714
0.488
0.693
0.723
0.805
0.507
0.73
0.937
0.743
0.707
0.935
0.967
0.413
0.881
0.865
0.877
0.646
0.727
0.965
0.904
0.606
0.909
0.864
0.531
0.788
0.46
0.659
0.667
0.723
0.522
0.731
0.667
0.733
0.626
0.911
0.557
0.833
0.847
0.445
0.58
0.601
0.665
0.864
0.676
0.878
0.904
0.0242
0.00476
0.808
0.862
0.00846
0.000268
0
0.953
3.33e-05
0.298
0
0.00294
0.000132
0
8.05e-05
0.00717
0
0.697
0.124
0
0
0
0.461
0.646
0.00397
1.7e-05
0.356
0.82
0.00211
0.000191
0
0
0
0
2.46e-05
0.006
9.14e-05
0
3.14e-06
0
9.95e-05
0.888
0.897
0.833
0.101
0
0
4.59e-05
0.0518
0.698
0
0
1.13e-05
1.65e-06
0.0101
0.00131
0
0.00925
0.915
1.64e-05
0
0
0.759
0
0.0085
0.00104
0
0.0122
0.104
0.00442
1.29e-05
2.54e-05
0.0433
0.000344
0.00169
1.09e-05
0
0.000175
0.000867
1.21e-05
0.00245
0.835
0
0.000156
0.36
4.81e-05
3.09e-06
1.32e-06
0
0
0
0.000115
0.00922
0.758
4.77e-05
7.65e-05
9.97e-05
0
0.00409
0
0.0014
3.62e-06
0.00414
1.28e-05
0
1.13e-05
1
7
1
7
8
6
6
7
7
0
8
4
8
2
6
9
7
7
0
7
1
9
10
7
2
11
6
7
2
0
7
7
6
9
7
5
11
8
8
0
0
1
2
1
10
9
0
0
0
7
0
6
2
8
6
9
7
2
11
6
6
1
1
9
10
2
11
6
8
0
7
9
0
8
1
5
4
6
7
5
1
1
5
6
10
4
9
6
9
7
10
0
9
11
10
9
9
5
9
10
2
2
1
3
6
6
0.145
0.234
0.0944
0.589
0.155
0.428
0.303
0.1
0.118
0.107
0.198
0.146
0.0619
0.355
0.331
0.126
0.105
0.156
0.58
0.126
0.0869
0.108
0.0842
0.0796
0.107
0.951
0.187
0.206
0.282
0.141
0.103
0.124
0.0368
0.553
0.457
0.216
0.173
0.149
0.357
0.294
0.084
0.105
0.103
0.592
0.573
0.499
0.201
0.635
0.424
0.0869
0.361
0.0854
0.622
0.0787
0.144
0.101
0.323
0.275
0.11
0.214
0.138
0.64
0.101
0.0608
0.1
0.119
0.101
0.127
0.115
0.0876
0.12
0.105
0.112
0.285
0.149
0.204
0.103
0.533
0.0566
0.0715
0.173
0.125
0.205
0.059
0.0866
0.111
0.0904
0.0978
0.0824
0.144
0.0731
0.142
0.171
0.0667
0.0819
0.0359
0.327
0.331
0.124
0.134
0.0764
0.319
0.197
0.098
0.0423
0.451
-4.939
-7.945
-12.42
-12.581
-6.957
-8.246
-12.35
-17.008
-7.334
-7.978
-7.323
-6.442
-4.783
-11.109
-7.07
-7.952
-8.272
-12.339
-7.215
-4.768
-4.951
-7.744
-11.239
-11.406
-4.496
-3.452
-6.277
-9.285
-5.122
-4.301
-9.622
-8.16
-4.285
-1.785
-3.755
-7.627
-6.466
-3.349
-4.475
-3.1
-4.092
-20.495
-12.774
-10.485
-7.434
-4.862
-4.221
-7.226
-6.687
-16.996
-3.825
-9.437
-1.047
-6.277
-3.918
-10.826
-5.947
-12.148
-14.606
-8.773
-5.123
-7.303
-7.889
-3.692
-7.693
-6.205
-5.94
-5.506
-7.097
-6.554
-5.823
-5.767
-9.693
-5.354
-4.132
-4.072
-3.206
-6.274
-2.293
-5.414
-6.768
-5.917
-3.981
-6.759
-5.55
-8.111
-4.732
-6.933
-5.89
-6.418
-5.603
-11.163
-6.883
-9.286
-3.545
-5.757
-4.652
-5.987
-8.574
-8.226
-6.809
-5.423
-6.512
-7.695
-5.384
-3.903
0
1
1
1
0
0
0
0
1
1
1
0
0
0
1
0
0
0
1
1
0
0
1
1
1
1
1
1
1
1
0
0
0
0
0
0
0
0
0
1
0
1
1
1
0
0
0
1
0
1
0
0
1
1
1
0
0
0
0
1
0
0
0
1
0
0
0
0
0
0
1
1
1
1
0
0
0
0
1
0
1
0
0
0
0
0
0
0
0
1
0
1
1
0
1
1
0
1
1
1
1
1
1
0
0
0
0.0442
0.144
0.0355
0.116
0.306
0.131
0.0617
0.0436
0.0318
0.0446
0.27
0.0286
0.123
0.0575
0.0335
0.0313
0.0696
0.109
0.0634
0.275
0.0829
0.109
0.0294
0.0369
0.0361
0.0381
0.0538
0.0505
0.0368
0.0386
0.0698
0.206
0.116
0.0942
0.0589
0.12
0.0543
0.0619
0.0378
0.0531
0.0339
0.0373
0.0348
0.103
0.0324
0.23
0.044
0.0472
0.0704
0.0381
0.089
0.0718
0.0852
0.0517
0.039
0.0277
0.061
0.0349
0.0665
0.0358
0.14
0.422
0.333
0.114
0.0345
0.0849
0.0903
0.173
0.0936
0.0398
0.0806
0.0857
0.0418
0.053
0.0594
0.0345
0.0476
0.0323
0.091
0.0787
0.0448
0.0398
0.0677
0.028
0.0343
0.0661
0.0544
0.0397
0.0454
0.0289
0.0566
0.0403
0.0396
0.071
0.348
0.0289
0.132
0.0449
0.0371
0.0836
0.184
0.0402
0.0355
0.049
0.16
0.0622
128.008
101.089
126.976
119.928
92.771
117.174
125.013
95.012
159.915
135.996
156.209
120.013
92.082
144.487
90.025
165.996
102.485
79.231
80.977
76.85
142.096
120.002
139.93
177.559
127.997
140.776
161.802
81.242
154.642
117.952
119.973
76.002
93.033
125.987
126.039
195.944
106.022
105.908
90.007
123.945
139.979
128.98
96.024
75.262
134.989
128.137
141.957
108.033
116.962
126.622
92.971
111.959
130.009
123.039
134.029
160.029
114.875
83.507
123.819
138.046
144.969
193.397
143.98
102.956
109.152
147.037
147.899
126.042
150.453
80.078
106.997
132.009
120.145
94.994
91.017
150.162
130.218
118.034
128.012
129.036
132.976
128.007
97.973
94.035
139.979
151.901
129.073
104.983
114.966
83.191
140.001
98.492
117.985
160.222
104.137
126.533
101.994
123.96
109.981
79.194
136.92
127.96
129.991
106.015
139.787
117.956
4
4
4
4
4
4
4
4
3
4
4
4
4
4
4
4
4
4
4
5
4
4
4
4
4
4
4
4
4
4
4
3
4
4
4
4
4
4
4
4
4
4
3
5
4
4
4
4
4
4
4
4
4
4
4
4
4
4
4
4
4
4
4
4
3
3
4
4
4
4
4
4
4
4
4
4
4
4
4
4
4
4
4
4
4
4
4
4
4
1
4
4
4
4
4
4
4
4
4
4
4
4
4
1
4
4
0.0659
0.678
0.0349
0.0795
0.555
0.326
0.0746
0.0679
0.635
0.285
0.397
0.273
0.318
0.47
0.198
0.287
0.0665
0.444
0.524
0.478
0.316
0.687
0.166
0.0572
0.128
0.186
0.227
0.117
0.845
0.938
0.284
0.492
0.377
0.0729
0.294
0.638
0.65
0.534
0.411
0.586
0.866
0.0795
0.128
0.334
0.318
0.174
0.479
0.0623
0.445
0.0401
0.528
0.598
0.407
0.925
0.61
0.576
0.49
0.119
0.193
0.178
0.461
0.217
0.439
0.349
0.272
0.237
0.319
0.683
0.36
0.711
0.946
0.452
0.0468
0.34
0.528
0.876
0.17
0.864
0.722
0.528
0.0813
0.327
0.576
0.36
0.127
0.286
0.671
0.274
0.382
0.34
0.681
0.965
0.313
0.217
0.521
0.242
0.649
0.834
0.405
0.14
0.547
0.557
0.197
0.731
0.678
0.714
