Na Nai Sunna (feat. Nikhita Gandhi)
2Ld8d4sLx1YYD0fAslbN4p
0.013
0.771
141143
0.805
0.000294
2
0.156
-6.827
1
0.0904
105.007
4
0.207
INDUSTRY BABY (feat. Jack Harlow)
27NovPIUIRrOZoCHxABJwK
0.0203
0.736
212000
0.704
0
3
0.0501
-7.409
0
0.0615
149.995
4
0.894
Khalibali
3JT0mVof65rIHpRZITwRx1
0.15
0.642
258894
0.94
0
9
0.0989
-5.274
1
0.102
101.252
3
0.645
Sad People
4nuAslShoN77tq12fzwjUq
0.247
0.636
176027
0.647
0.00123
5
0.113
-6.971
0
0.0381
158.073
4
0.416
Addiction
2PBJCsJpMXWzvdNWOiCG3f
0.346
0.374
175554
0.728
0.000115
5
0.115
-4.553
0
0.0982
82.443
4
0.278
Bag
31XW69GB4zOuySvN7Ou4F2
0.219
0.831
112762
0.559
0
10
0.612
-9.395
0
0.223
114.404
3
0.846
We've Come So Far
46mMjdrfaJicOdrOA7NtBa
0.0593
0.569
233465
0.409
0.296
2
0.0971
-10.612
1
0.0396
118.028
5
0.0948
Caramelo Duro (feat. Kali Uchis)
3LcjZGk0GBlPRe5XhYVGgM
0.0298
0.624
213720
0.726
0
2
0.301
-4.585
1
0.052
99.996
4
0.83
Every Day (feat. Hoodlem)
3AKnXsqrv9OajyYNRqfCsK
0.181
0.736
203413
0.677
0.0008
6
0.337
-6.907
0
0.0609
133.918
4
0.532
Double Knot
7vZseKiQOIuFxxfi84302k
0.0486
0.716
189771
0.814
0
5
0.607
-2.889
0
0.35
146.925
4
0.575
Breathe - BRKLYN Remix
3nX0xZAqKx6nhIMtezs9Nr
0.0728
0.472
226875
0.702
0
7
0.268
-5.671
0
0.0956
128.218
4
0.537
Swerve (feat. Wes Period)
4vVvmPoGMtVxuJsKXAltKs
0.11
0.675
188080
0.767
0.00118
11
0.283
-7.914
0
0.291
141.9
4
0.53
RAINY NIGHT IN TALLINN
5r6l0sPvfeAPjQ67fCgOwG
0.109
0.339
480946
0.633
0.869
1
0.0935
-12.328
1
0.0554
130.012
4
0.0354
Midnight Terrain
2XR1OHseXVG13XzFX4WFng
0.341
0.666
267920
0.448
0.467
7
0.182
-10.825
0
0.18
74.975
4
0.262
OneFourThree (feat. Buddy & BJ The Chicago Kid)
7kgKHe6ZxLEg83y4LiQvB5
0.475
0.824
227253
0.567
0.0028
6
0.137
-8.931
1
0.109
108.993
4
0.522
Pillows
4k0QEP0yRv9kQC12iTkoNf
0.934
0.274
239408
0.317
1.23e-05
4
0.086
-8.892
1
0.0317
115.216
3
0.0906
Wicked Game
5jy1cdnKDZjhHwIbDoWggr
0.363
0.735
320052
0.569
0.315
6
0.105
-10.223
0
0.0319
120.006
4
0.235
Better Believe
3zs87EV3EZSh2UpiXxT52Y
0.159
0.797
206629
0.573
0
0
0.144
-7.85
1
0.319
124.995
4
0.445
South of the River
5w3yxRRxy5pvZdUvBJF6ve
0.0957
0.845
269815
0.57
0.414
0
0.0813
-8.441
1
0.0802
113.003
4
0.466
DDU-DU DDU-DU
4lQsB3ERTWSNaAN1IkuNRl
0.036
0.668
211350
0.828
0
4
0.0932
-5.034
0
0.0739
140.042
4
0.393
Blame Myself
1suqXPrYygZ7BYiSfaVZE4
0.0504
0.416
230571
0.675
0.00014
8
0.265
-6.109
1
0.0821
140.129
4
0.389
Need You
10HBFdOVFVtAsI9Lofwhwm
0.844
0.322
255110
0.251
6.39e-06
2
0.11
-9.818
1
0.0302
69.933
3
0.262
Roller Coaster - Jan Blomqvist Remix
26PmDVFt92uS3WDBRw6HPp
0.0356
0.61
260281
0.64
0.388
2
0.0803
-9.416
0
0.0536
122.935
4
0.388
Promise
54z9tiaPu15pfkGSUwrOLI
0.00344
0.653
195782
0.82
0
6
0.072
-4.291
0
0.071
100.056
4
0.663
System (feat. WizKid)
5gOtq0sKU24ZF8hnXlSp1V
0.105
0.817
181550
0.669
1.25e-06
0
0.247
-4.278
0
0.1
106.934
4
0.693
See You Again
09RYDCoPd0hiw5RS1gEK8i
0.057
0.613
262798
0.868
0.000702
5
0.18
-5.016
0
0.0466
121.972
4
0.571
untitled
4ADNavlMOA9rx9hKw51PCW
0.252
0.726
129197
0.674
0.000163
9
0.0991
-4.683
0
0.213
93.14
4
0.323
En Mi Cuarto
6Ee34qCOE6FBzEPRAGwSrn
0.063
0.794
196587
0.669
6.19e-05
6
0.0997
-5.837
0
0.144
114.96
4
0.128
Horizon
7aq8t9D82PJuqH7TFT4W6O
0.00633
0.596
191720
0.911
0
1
0.4
-2.365
1
0.0538
130.067
4
0.232
Time
6Vp8ueBMkQXZo0ekqHcmJ8
0.00459
0.62
186853
0.635
6.14e-06
10
0.103
-7.625
0
0.0767
140.014
4
0.36
Chameleon - Remix
7E8F4rLvH0S0AsHoWgbWog
0.158
0.511
176125
0.548
0
9
0.0956
-7.878
1
0.0485
141.99
4
0.34
We Had Everything
2YtGWoI8YM9yT41bPoyqWy
0.0507
0.631
203107
0.662
1.44e-06
0
0.199
-3.938
1
0.0318
112.008
4
0.316
Again
2leHlgymKXfewt8ZwmzbtP
0.304
0.639
161175
0.535
0.000268
10
0.0958
-8.389
1
0.108
100.034
4
0.424
Inside (feat. Cynthia Erivo)
4FC0MkDV5elZUcHDXZm1nj
0.168
0.39
140370
0.479
5.82e-06
3
0.111
-7.362
0
0.0563
88.365
5
0.15
edamame (feat. Rich Brian)
1uMHCAyGmHqyygoNRuo7MV
0.023
0.815
133707
0.848
0.000162
4
0.0265
-4.704
0
0.115
106.032
4
0.684
Holy Ghosts
7tnFfBHTXnp74wKHwrExJF
0.074
0.712
207760
0.829
0.00204
9
0.124
-8.836
0
0.0481
108.001
4
0.494
Don’t Play This Song
09ZeNJ09kGQDdlvdPJ2Vfd
0.896
0.624
222893
0.628
0.00808
4
0.342
-7.719
0
0.0434
137.919
4
0.487
Chameleon - Remix
5eRiynmtzGbdwHHex3F4F8
0.023
0.548
208308
0.729
5.53e-05
9
0.225
-6.118
1
0.0293
141.979
4
0.431
Vaadeh
6jKiugp7IQUO79R4xVFk7x
0.0804
0.725
208547
0.801
0.000723
1
0.252
-4.755
1
0.0418
95.004
4
0.559
Brazilian Love Song
4X6XKalUikYS8g9tUoDpvq
0.0724
0.719
170079
0.727
0.801
0
0.178
-6.504
1
0.0467
127.007
4
0.87
I Love You
0z39yzkwMNXYX2LYtEOpFW
0.0532
0.542
230160
0.814
0.000481
5
0.0852
-4.759
0
0.0386
146.002
4
0.526
Summertime In Paris
5IWMH89twdzA3XZpjW4Gvq
0.135
0.569
270960
0.86
0
9
0.153
-4.116
1
0.043
90.937
4
0.289
Up Up & Away
6MWH4pJQ5QYjidX2A2KECd
0.0722
0.66
227347
0.881
3.4e-05
10
0.362
-6.119
0
0.0849
120.017
4
0.586
Treat People With Kindness
03mMSLEJCPoGJwQhHpN5y0
0.128
0.653
197347
0.869
2.2e-05
5
0.046
-3.725
1
0.0382
122.017
4
0.697
Pears
06nKF46jG8p1zwyP4ziAyG
0.534
0.607
141878
0.599
0
5
0.111
-6.481
0
0.0558
82.013
4
0.192
Rehab
1L5tZi0izXsi5Kk5OJf4W0
0.0473
0.434
213760
0.872
1.83e-06
0
0.396
-2.974
1
0.0702
71.515
4
0.732
Again - DLMT Remix
2AC6sgdgcGuufRD3pdaCkc
0.255
0.698
189677
0.872
0.00563
0
0.268
-5.001
0
0.208
123.959
4
0.486
Udi
3B5pWnmR739mZFh4eVdFla
0.0322
0.727
201471
0.896
0.00011
9
0.289
-2.994
0
0.0586
132.97
4
0.652
Fire
7oHkit3F3vimtsBbnZkU0G
0.472
0.709
140527
0.751
4.71e-06
6
0.182
-3.801
1
0.16
104.999
4
0.37
Ivy
2ZWlPOoWh0626oTaHrnl2a
0.782
0.567
249191
0.388
0.000309
9
0.248
-9.579
0
0.0384
116.362
4
0.452
