Dawn Will Rise
Theme (from "Spider Man") [Original Television Series]
Monolith
Hard To LøVë
WHO? WHAT!
Midnight
Stir Fry
Crown the Kings
Maintain
Money Go
Pills & Automobiles
Rescue Me
Malhari
X
Hail To The Victor
The Beautiful & Damned
Stereotype
Braver Love
A L I E N S
Dharma
ZEZE (feat. Travis Scott & Offset)
Birth
Gyalchester
Project: Yi (feat. Vicetone)
Intro
Princess of China - Acoustic
The 2nd Law: Isolated System
Leaving
Club Rock
23
Code of Conduct
Supastars
Unforgettable (feat. Swae Lee) - Major Lazer Remix
Yes
Fool's Gold
I Want In
Sois fier de c'que t'es
Ishq Bulaava
Get Right Witcha
Champagne Problems
Party
Follow You Down
Stand Up
Who Died
Losers
First Light
Too Many
We Cry
Tyrant
Stay
0.00628
0.03
0.0972
0.0902
0.0462
0.615
0.00299
0.0458
0.333
0.744
0.119
0.00825
0.0592
0.0999
0.00238
0.173
0.00994
0.00979
0.00156
0.0367
0.0515
0.00307
0.0343
0.0286
0.976
0.652
0.678
0.0359
0.0124
0.808
0.00122
0.25
0.00692
0.00876
0.0487
0.42
0.0128
0.617
0.0646
0.000611
0.0556
0.00792
0.0177
0.0175
0.0355
0.0498
0.606
0.0479
0.159
0.414
0.625
0.395
0.383
0.694
0.834
0.548
0.815
0.868
0.878
0.828
0.82
0.478
0.507
0.547
0.57
0.656
0.619
0.499
0.425
0.331
0.861
0.495
0.872
0.591
0.582
0.245
0.471
0.281
0.759
0.595
0.474
0.781
0.728
0.161
0.687
0.493
0.517
0.579
0.95
0.73
0.762
0.688
0.241
0.776
0.666
0.576
0.743
0.555
0.368
0.479
236973
39960
98192
214566
176720
294667
190288
229904
216240
216293
293435
217960
244048
260733
201957
188637
231227
213760
282427
182344
228654
127387
189230
260838
128547
206693
299987
234857
132923
146155
129027
293138
196800
426653
196663
150295
223093
303640
257546
192680
220813
347280
263213
144752
281147
203256
161071
223920
302867
204427
0.705
0.718
0.794
0.665
0.731
0.475
0.816
0.699
0.62
0.514
0.696
0.676
0.932
0.73
0.723
0.804
0.631
0.78
0.878
0.919
0.637
0.462
0.389
0.812
0.112
0.471
0.509
0.639
0.853
0.285
0.65
0.676
0.676
0.808
0.704
0.69
0.772
0.713
0.743
0.778
0.576
0.694
0.702
0.588
0.485
0.631
0.507
0.881
0.921
0.468
0.101
0.82
0.833
3.62e-06
0
0.808
0
0
0
0
0
0
0
0
0.000144
0
0
0
0.000898
0.000759
3.35e-06
0.0835
0.000679
0.0523
0.953
0.00717
0.936
1.7e-05
0.000339
0.813
0.897
0
2.53e-06
0.356
0
0
0
3.33e-05
1.19e-05
0
0
0.0117
5.27e-06
0
0.000603
0.00459
0
0
1.54e-05
0
10
7
1
2
10
1
2
5
2
10
7
11
1
11
0
8
6
3
9
3
8
8
1
2
7
9
0
11
7
5
2
1
1
6
5
7
4
7
10
7
1
9
0
6
0
1
2
7
11
5
0.573
0.206
0.592
0.319
0.0731
0.0944
0.159
0.166
0.391
0.119
0.232
0.0583
0.302
0.101
0.2
0.763
0.0929
0.172
0.206
0.124
0.0967
0.111
0.0941
0.108
0.1
0.126
0.175
0.951
0.141
0.11
0.103
0.0783
0.101
0.187
0.0795
0.126
0.264
0.118
0.103
0.0904
0.0869
0.365
0.0746
0.0867
0.504
0.115
0.111
0.351
0.0938
0.148
-7.434
-9.285
-10.485
-5.423
-5.603
-12.42
-5.474
-6.065
-5.485
-5.946
-4.918
-6.155
-4.501
-5.94
-6.673
-5.191
-5.874
-5.136
-4.979
-4.707
-5.692
-10.79
-8.343
-5.205
-17.008
-7.952
-10.9
-3.452
-6.963
-12.84
-12.774
-4.387
-5.131
-6.277
-4.843
-4.768
-5.602
-7.334
-5.861
-5.035
-4.951
-5.335
-7.841
-3.8
-9.85
-4.707
-3.164
-4.604
-4.314
-5.396
0
1
1
1
0
1
1
0
1
0
0
0
0
0
0
0
0
0
0
0
0
1
1
0
0
0
0
1
1
0
1
1
0
1
0
1
0
1
0
0
0
0
1
0
0
0
0
0
0
1
0.0324
0.0505
0.103
0.0402
0.0566
0.0355
0.269
0.0782
0.112
0.377
0.182
0.0708
0.0762
0.0903
0.0386
0.363
0.0287
0.0577
0.038
0.452
0.24
0.0671
0.0634
0.0451
0.0436
0.0313
0.0367
0.0381
0.278
0.061
0.0348
0.0596
0.132
0.0538
0.0328
0.275
0.226
0.0318
0.238
0.127
0.0829
0.0451
0.0938
0.141
0.0527
0.0315
0.135
0.0642
0.0411
0.0274
134.989
81.242
75.262
127.96
140.001
126.976
181.967
143.042
133.027
114.931
144.981
148.039
114.961
147.899
145.001
125.882
125.85
128.047
148.002
191.112
98.044
160.004
131.012
122.007
95.012
165.996
131.996
140.776
129.896
91.998
96.024
75.944
99.972
161.802
130.047
76.85
94.923
159.915
136.98
107.925
142.096
128.009
79.329
135.934
91.009
101.987
79.011
91.883
145.069
85.913
4
4
5
4
4
4
4
4
4
4
4
4
3
4
4
4
4
4
5
3
4
3
4
4
4
4
4
4
4
4
3
4
4
4
4
5
4
3
4
4
4
4
4
4
4
4
4
4
4
4
0.318
0.117
0.334
0.557
0.681
0.0349
0.498
0.372
0.218
0.52
0.617
0.416
0.311
0.319
0.44
0.314
0.401
0.4
0.252
0.389
0.474
0.181
0.156
0.149
0.0679
0.287
0.0595
0.186
0.462
0.241
0.128
0.328
0.307
0.227
0.785
0.478
0.541
0.635
0.62
0.642
0.316
0.576
0.561
0.327
0.288
0.211
0.358
0.663
0.275
0.35
